      fo   2  5   2.0000  1   1.0000 10   4.0000  0
        -2172.452   0.09510   4.3660
         0.2333    0.000001494    -603.8   -1.8697
         0.0000285  1285.00     3.84   -0.00299    0
      fa   2  4   2.0000  1   1.0000 10   4.0000  0
        -1477.337   0.15100   4.6310
         0.2011    0.000017330   -1960.6   -0.9009
         0.0000282  1256.00     4.68   -0.00373    0
    teph   2  6   2.0000  1   1.0000 10   4.0000  0
        -1733.842   0.15590   4.8990
         0.2196    0.000000000   -1292.7   -1.3083
         0.0000286  1256.00     4.68   -0.00373    0
     lrn   2  7   2.0000  1   1.0000 10   4.0000  0
        -2306.836   0.12760   5.1600
         0.2475   -0.000003206       0.0   -2.0519
         0.0000290   985.00     4.07   -0.00413    1   1710   0.01003    0.0500
    mont   1  7   1.0000  5   1.0000  1   1.0000 10   4.0000  0
        -2251.151   0.10950   5.1480
         0.2507   -0.000010433    -797.2   -1.9961
         0.0000287  1134.00     3.87   -0.00341    0
    chum   8  5   9.0000  1   4.0000 10  18.0000 11   2.0000  0
        -9613.038   0.44050  19.8010
         1.0710   -0.000016533   -7899.6   -7.3739
         0.0000320  1199.00     4.58   -0.00382    0
    chdr   5  5   5.0000  1   2.0000 10  10.0000 11   2.0000  0
        -5254.669   0.26000  11.0840
         0.6250   -0.000001088   -2259.9   -4.9107
         0.0000182  1161.00     4.80   -0.00413    0
     mwd   2  5   2.0000  1   1.0000 10   4.0000  0
        -2138.036   0.09390   4.0510
         0.2087    0.000003942   -1709.5   -1.3028
         0.0000237  1726.00     3.84   -0.00222    0
     fwd   2  4   2.0000  1   1.0000 10   4.0000  0
        -1467.515   0.14600   4.3210
         0.2011    0.000017330   -1960.6   -0.9009
         0.0000273  1690.00     4.35   -0.00257    0
     mrw   2  5   2.0000  1   1.0000 10   4.0000  0
        -2126.781   0.09000   3.9490
         0.2133    0.000002690   -1410.4   -1.4959
         0.0000201  1781.00     4.35   -0.00244    0
     frw   2  4   2.0000  1   1.0000 10   4.0000  0
        -1471.336   0.14000   4.2030
         0.1668    0.000042610   -1705.4   -0.5414
         0.0000222  1977.00     4.92   -0.00249    0
     mpv   1  5   1.0000  1   1.0000 10   3.0000  0
        -1442.168   0.06260   2.4450
         0.1493    0.000002918   -2983.0   -0.7991
         0.0000187  2510.00     4.14   -0.00165    0
     fpv   1  4   1.0000  1   1.0000 10   3.0000  0
        -1082.609   0.09500   2.5340
         0.1332    0.000010830   -3661.4   -0.3147
         0.0000187  2810.00     4.14   -0.00147    0
     apv   2  3   2.0000 10   3.0000  0
        -1619.863   0.05180   2.5400
         0.1395    0.000005890   -2460.6   -0.5892
         0.0000180  2030.00     4.00   -0.00197    0
     npv   2  8   0.5000  3   0.5000  1   1.0000 10   3.0000  0
        -1365.000   0.06300   2.3340
         0.1350    0.000008460   -1850.3   -0.6008
         0.0000180  2030.00     4.00   -0.00197    0
     ppv   1  5   1.0000  1   1.0000 10   3.0000  0
        -1418.191   0.06040   2.4420
         0.1493    0.000002918   -2983.0   -0.7991
         0.0000187  2312.00     4.00   -0.00173    0
     cpv   1  7   1.0000  1   1.0000 10   3.0000  0
        -1533.523   0.07450   2.7450
         0.1593    0.000000000    -967.3   -1.0754
         0.0000200  2360.00     3.90   -0.00165    0
     mak   1  5   1.0000  1   1.0000 10   3.0000  0
        -1489.551   0.05930   2.6350
         0.1478    0.000002015   -2395.0   -0.8018
         0.0000212  2110.00     4.55   -0.00216    0
     fak   1  4   1.0000  1   1.0000 10   3.0000  0
        -1142.101   0.09150   2.7600
         0.1003    0.000013328   -4364.9    0.4198
         0.0000212  2180.00     4.55   -0.00209    0
     maj   3  5   4.0000  1   4.0000 10  12.0000  0
        -6041.759   0.26020  11.4570
         0.7136   -0.000000997   -1158.2   -6.6223
         0.0000183  1600.00     4.56   -0.00285    0
    nagt   3  8   1.0000  3   1.0000  5   2.0000  1   4.0000 10  12.0000  0
        -5985.000   0.26060  11.0900
         0.6208    0.000011200   -3755.9   -4.4213
         0.0000210  1700.00     4.00   -0.00235    0
      py   3  5   3.0000  3   2.0000  1   3.0000 10  12.0000  0
        -6284.804   0.26700  11.3130
         0.6335    0.000000000   -5196.1   -4.3152
         0.0000237  1743.00     4.05   -0.00232    0
     alm   3  4   3.0000  3   2.0000  1   3.0000 10  12.0000  0
        -5267.270   0.33670  11.5250
         0.7162   -0.000012410   -3160.8   -5.8635
         0.0000212  1900.00     2.98   -0.00157    0
    spss   3  6   3.0000  3   2.0000  1   3.0000 10  12.0000  0
        -5692.453   0.33530  11.7920
         0.6469    0.000000000   -4525.8   -4.4528
         0.0000227  1740.00     6.68   -0.00384    0
      gr   3  7   3.0000  3   2.0000  1   3.0000 10  12.0000  0
        -6642.976   0.25500  12.5350
         0.6260    0.000000000   -5779.2   -4.0029
         0.0000220  1720.00     5.53   -0.00322    0
    andr   3  7   3.0000  4   2.0000  1   3.0000 10  12.0000  0
        -5768.690   0.31640  13.2040
         0.6386    0.000000000   -4955.1   -3.9892
         0.0000286  1588.00     5.68   -0.00358    0
     ski   3  4   5.0000  1   3.0000 10  12.0000  0
        -4330.698   0.40340  12.1440
         0.6899    0.000000000   -2948.6   -5.0303
         0.0000285  1574.00     6.70   -0.00426    0
    knor   3  5   3.0000 19   2.0000  1   3.0000 10  12.0000  0
        -5701.158   0.30200  11.7380
         0.6130    0.000003606   -4178.0   -3.7294
         0.0000237  1534.00     4.34   -0.00283    0
      uv   3  7   3.0000 19   2.0000  1   3.0000 10  12.0000  0
        -6057.499   0.32090  13.0770
         0.6051    0.000003606   -4760.6   -3.4171
         0.0000220  1620.00     4.70   -0.00290    0
    osma   2  9   1.0000  5   2.0000  3   5.0000  1  10.0000 10  30.0000  0
       -14896.010   0.75500  37.8930
         1.5407   -0.000011359  -10339.0  -11.6990
         0.0000047  1290.00     4.10   -0.00318    0
    osmm   3  9   1.0000  5   3.0000  3   3.0000  1  11.0000 10  30.0000  0
       -14786.219   0.74000  38.4400
         1.5255   -0.000010267  -10538.0  -11.3370
         0.0000047  1290.00     4.10   -0.00318    0
    osfa   1  9   1.0000  4   2.0000  3   5.0000  1  10.0000 10  30.0000  0
       -14215.122   0.78000  38.4500
         1.5586   -0.000011359   -9476.5  -11.8450
         0.0000049  1290.00     4.10   -0.00318    0
     vsv   1  7  19.0000  5   2.0000  3  11.0000  1  18.0000 10  78.0000 11   9.0000  0
       -42345.701   1.89000  85.2000
         4.4880   -0.000057952  -22269.3  -33.4780
         0.0000275  1255.00     4.80   -0.00382    0
     and   1  3   2.0000  1   1.0000 10   5.0000  0
        -2588.654   0.09270   5.1530
         0.2773   -0.000006588   -1914.1   -2.2656
         0.0000181  1442.00     6.89   -0.00478    0
      ky   1  3   2.0000  1   1.0000 10   5.0000  0
        -2592.954   0.08350   4.4140
         0.2794   -0.000007124   -2055.6   -2.2894
         0.0000192  1601.00     4.05   -0.00253    0
    sill   1  3   2.0000  1   1.0000 10   5.0000  0
        -2585.743   0.09540   4.9860
         0.2802   -0.000006900   -1375.7   -2.3994
         0.0000112  1640.00     5.06   -0.00309    2   4.75 0.0100   4.75 0.0100     1   0.25
    smul   1  3   2.0000  1   1.0000 10   5.0000  0
        -2569.250   0.10150   4.9870
         0.2802   -0.000006900   -1375.7   -2.3994
         0.0000136  1740.00     4.00   -0.00230    0
    amul   2  3   2.5000  1   0.5000 10   4.7500  0
        -2485.621   0.11300   5.0830
         0.2448    0.000000968   -2533.3   -1.6416
         0.0000136  1740.00     4.00   -0.00230    0
     tpz   1  3   2.0000  1   1.0000 10   6.0000 11   2.0000  0
        -2898.798   0.10050   5.3390
         0.3517   -0.000011200   -3908.0   -2.5118
         0.0000157  1315.00     4.06   -0.00309    0
     mst   4  5   4.0000  3  18.0000  1   7.5000 10  48.0000 11   4.0000  0
       -25123.652   0.91000  44.2600
         2.8205   -0.000059366  -13774.0  -24.1260
         0.0000181  1684.00     4.05   -0.00240    0
     fst   4  4   4.0000  3  18.0000  1   7.5000 10  48.0000 11   4.0000  0
       -23755.694   1.01000  44.8800
         2.8800   -0.000056595  -10642.0  -25.3730
         0.0000183  1800.00     4.76   -0.00264    0
    mnst   4  6   4.0000  3  18.0000  1   7.5000 10  48.0000 11   4.0000  0
       -24243.324   1.03400  45.4600
         2.8733   -0.000089064  -12688.0  -24.7490
         0.0000209  1800.00     4.76   -0.00264    0
    mctd   1  5   1.0000  3   2.0000  1   1.0000 10   7.0000 11   2.0000  0
        -3549.287   0.14600   6.8750
         0.4174   -0.000003771   -2920.6   -3.4178
         0.0000263  1456.00     4.06   -0.00279    0
    fctd   1  4   1.0000  3   2.0000  1   1.0000 10   7.0000 11   2.0000  0
        -3208.525   0.16700   6.9800
         0.4161   -0.000003477   -2835.9   -3.3603
         0.0000280  1456.00     4.06   -0.00279    0
   mnctd   1  6   1.0000  3   2.0000  1   1.0000 10   7.0000 11   2.0000  0
        -3335.572   0.16600   7.1750
         0.4644   -0.000012654   -1147.2   -4.3410
         0.0000260  1456.00     4.06   -0.00279    0
    merw   1  7   3.0000  5   1.0000  1   2.0000 10   8.0000  0
        -4545.501   0.25310   9.8470
         0.4175    0.000008117   -2923.0   -2.3203
         0.0000319  1200.00     4.07   -0.00339    0
     spu   5  7   5.0000  1   2.0000 12   1.0000 10  11.0000  0
        -5846.538   0.33200  14.6970
         0.6141   -0.000003508   -2493.1   -4.1680
         0.0000340   950.00     4.09   -0.00431    0
      zo   1  7   2.0000  3   3.0000  1   3.0000 10  13.0000 11   1.0000  0
        -6896.267   0.29800  13.5750
         0.6620    0.000010416   -6006.4   -4.2607
         0.0000312  1044.00     4.00   -0.00383    0
      cz   1  7   2.0000  3   3.0000  1   3.0000 10  13.0000 11   1.0000  0
        -6895.513   0.30100  13.6300
         0.6309    0.000013693   -6645.8   -3.7311
         0.0000233  1197.00     4.07   -0.00340    0
      ep   2  7   2.0000  3   2.0000  4   1.0000  1   3.0000 10  13.0000 11   1.0000  0
        -6473.676   0.31500  13.9200
         0.6133    0.000022070   -7160.0   -2.9877
         0.0000234  1340.00     4.00   -0.00299    0
     fep   2  7   2.0000  3   1.0000  4   2.0000  1   3.0000 10  13.0000 11   1.0000  0
        -6028.069   0.32900  14.2100
         0.5847    0.000030447   -7674.2   -2.2443
         0.0000231  1513.00     4.00   -0.00264    0
     pmt   2  7   2.0000  3   2.0000  6   1.0000  1   3.0000 10  13.0000 11   1.0000  0
        -6542.663   0.34000  13.8200
         0.5698    0.000027790   -5442.9   -2.8126
         0.0000238  1197.00     4.07   -0.00340    0
     law   1  7   1.0000  3   2.0000  1   2.0000 10  10.0000 11   4.0000  0
        -4868.639   0.22900  10.1320
         0.6878    0.000001566     375.9   -7.1792
         0.0000265  1229.00     5.45   -0.00443    0
     mpm   4  7   4.0000  3   5.0000  5   1.0000  1   6.0000 10  28.0000 11   7.0000  0
       -14386.837   0.62900  29.5500
         1.7208   -0.000024928   -5998.7  -14.6203
         0.0000248  1615.00     4.05   -0.00251    0
     fpm   4  7   4.0000  3   5.0000  4   1.0000  1   6.0000 10  28.0000 11   7.0000  0
       -14034.172   0.65700  29.6800
         1.7372   -0.000024582   -5161.1  -14.9630
         0.0000249  1615.00     4.05   -0.00251    0
     jgd   4  7   4.0000  4   6.0000  1   6.0000 10  28.0000 11   7.0000  0
       -11808.397   0.83000  31.0800
         1.7954   -0.000037986   -4455.7  -14.8880
         0.0000249  1615.00     4.05   -0.00251    0
     geh   1  7   2.0000  3   2.0000  1   1.0000 10   7.0000  0
        -3992.245   0.19850   9.0240
         0.4057   -0.000007099   -1188.3   -3.1744
         0.0000223  1080.00     4.08   -0.00378    2   7.51 0.0900   7.50 0.0900     1   0.80
      ak   1  7   2.0000  5   1.0000  1   2.0000 10   7.0000  0
        -3865.473   0.21250   9.2540
         0.3854    0.000003209    -247.5   -2.8899
         0.0000257  1420.00     4.06   -0.00286    0
     rnk   3  7   3.0000  1   2.0000 10   7.0000  0
        -3943.702   0.21000   9.6510
         0.3723   -0.000002893   -2462.4   -2.1813
         0.0000328   950.00     4.09   -0.00431    0
      ty   5  7   5.0000  1   2.0000 12   2.0000 10  13.0000  0
        -6367.897   0.39000  17.0390
         0.7417   -0.000005345   -1434.6   -5.8785
         0.0000342   950.00     4.09   -0.00431    0
     crd   1  5   2.0000  3   4.0000  1   5.0000 10  18.0000  0
        -9163.117   0.40410  23.3220
         0.9061    0.000000000   -7902.0   -6.2934
         0.0000068  1290.00     4.10   -0.00318    2  36.71 0.1000  36.70 0.1000     2   1.50
    hcrd   1  5   2.0000  3   4.0000  1   5.0000 10  19.0000 11   2.0000  0
        -9448.131   0.48300  23.3220
         0.9553    0.000000000   -8352.6   -6.3012
         0.0000067  1290.00     4.10   -0.00318    2  36.71 0.1000  36.70 0.1000     2   1.50
    fcrd   2  4   2.0000  3   4.0000  1   5.0000 10  18.0000  0
        -8443.853   0.46100  23.7100
         0.9240    0.000000000   -7039.4   -6.4396
         0.0000067  1290.00     4.10   -0.00318    2  36.71 0.1000  36.70 0.1000     2   1.50
   mncrd   1  6   2.0000  3   4.0000  1   5.0000 10  18.0000  0
        -8692.058   0.47300  24.0270
         0.8865    0.000000000   -8840.0   -5.5904
         0.0000069  1290.00     4.10   -0.00318    2  36.71 0.1000  36.70 0.1000     2   1.50
     phA   7  5   7.0000  1   2.0000 10  14.0000 11   6.0000  0
        -7129.525   0.35050  15.4220
         0.9620   -0.000011521   -4517.8   -7.7247
         0.0000355  1450.00     4.06   -0.00280    0
     phD   1  5   1.0000  1   2.0000 10   6.0000 11   2.0000  0
        -2670.195   0.11120   5.1030
         0.2946    0.000007944   -5008.7   -1.3355
         0.0000379  1650.00     5.00   -0.00303    0
     phE   1  5   2.4000  1   1.2000 10   6.0000 11   2.4000  0
        -2931.138   0.16900   6.4350
         0.3974   -0.000003533   -1344.4   -3.2902
         0.0000379   930.00     5.00   -0.00538    0
     shB  10  5  10.0000  1   3.0000 10  18.0000 11   4.0000  0
        -9477.347   0.39600  18.6150
         1.0777    0.000000642   -7407.4   -7.4287
         0.0000356  1320.00     5.30   -0.00402    0
     sph   1  7   1.0000  2   1.0000  1   1.0000 10   5.0000  0
        -2596.439   0.12920   5.5650
         0.2279    0.000002924   -3539.5   -0.8943
         0.0000158  1017.00     9.85   -0.00969    1    485   0.00040    0.0050
    cstn   1  7   1.0000  1   2.0000 10   5.0000  0
        -2482.832   0.09950   4.8180
         0.2056    0.000006034   -5517.7   -0.3526
         0.0000158  1782.00     4.00   -0.00224    0
     zrc   2 16   1.0000  1   1.0000 10   4.0000  0
        -2035.145   0.08303   3.9260
         0.2320   -0.000014405       0.0   -2.2382
         0.0000125  2301.00     4.04   -0.00176    0
     zrt   2 16   1.0000  2   1.0000 10   4.0000  0
        -1993.173   0.10280   4.4200
         0.2146   -0.000008226     190.3   -1.8204
         0.0000125  2301.00     4.04   -0.00176    0
     tcn   2  2   1.0000  1   1.0000 10   4.0000  0
        -1762.717   0.08100   3.4930
         0.2086   -0.000003669     113.0   -1.9069
         0.0000125  2301.00     4.04   -0.00176    0
      en   1  5   2.0000  1   2.0000 10   6.0000  0
        -3089.975   0.13250   6.2620
         0.3562   -0.000002990    -596.9   -3.1853
         0.0000227  1059.00     8.65   -0.00817    0
    pren   1  5   2.0000  1   2.0000 10   6.0000  0
        -3084.314   0.13700   6.4760
         0.3562   -0.000002990    -596.9   -3.1853
         0.0000230  1059.00     8.65   -0.00817    0
     cen   1  5   2.0000  1   2.0000 10   6.0000  0
        -3090.862   0.13200   6.2640
         0.3060   -0.000003793   -3041.7   -1.8521
         0.0000211  1059.00     8.65   -0.00817    0
     hen   1  5   2.0000  1   2.0000 10   6.0000  0
        -3082.482   0.13170   6.0990
         0.3562   -0.000002990    -596.9   -3.1853
         0.0000226  1500.00     5.50   -0.00367    0
     hfs   1  4   2.0000  1   2.0000 10   6.0000  0
        -2380.362   0.18900   6.4050
         0.3987   -0.000006579    1290.1   -4.0580
         0.0000237  1500.00     5.50   -0.00367    0
      fs   2  4   2.0000  1   2.0000 10   6.0000  0
        -2388.312   0.18990   6.5920
         0.3987   -0.000006579    1290.1   -4.0580
         0.0000326  1010.00     4.08   -0.00404    0
    mgts   1  5   1.0000  3   2.0000  1   1.0000 10   6.0000  0
        -3200.703   0.12850   6.0500
         0.3714   -0.000004082    -398.4   -3.5471
         0.0000217  1028.00     8.55   -0.00832    0
      di   1  7   1.0000  5   1.0000  1   2.0000 10   6.0000  0
        -3201.772   0.14290   6.6190
         0.3145    0.000000041   -2745.9   -2.0201
         0.0000273  1192.00     5.19   -0.00435    0
     hed   2  7   1.0000  4   1.0000  1   2.0000 10   6.0000  0
        -2841.876   0.17500   6.7950
         0.3402    0.000000812   -1047.8   -2.6467
         0.0000238  1192.00     3.97   -0.00333    0
      jd   1  8   1.0000  3   1.0000  1   2.0000 10   6.0000  0
        -3025.383   0.13350   6.0400
         0.3194    0.000003616   -1173.9   -2.4695
         0.0000210  1281.00     3.81   -0.00297    0
     kjd   1  9   1.0000  3   1.0000  1   2.0000 10   6.0000  0
        -2932.700   0.14124   6.4790
         0.3162    0.000006905    -905.3   -2.4890
         0.0000273  1450.00     5.00   -0.00345    0
     acm   1  8   1.0000  4   1.0000  1   2.0000 10   6.0000  0
        -2583.225   0.17060   6.4590
         0.3071    0.000016758   -1685.5   -2.1258
         0.0000211  1060.00     4.08   -0.00385    0
     kos   1  8   1.0000 19   1.0000  1   2.0000 10   6.0000  0
        -2744.871   0.14965   6.3090
         0.3092    0.000005419    -664.6   -2.1766
         0.0000194  1308.00     3.00   -0.00229    0
    cats   1  7   1.0000  3   2.0000  1   1.0000 10   6.0000  0
        -3310.122   0.13500   6.3560
         0.3476   -0.000006974   -1781.6   -2.7575
         0.0000208  1192.00     5.19   -0.00435    2   3.80 0.0100   3.80 0.0100     1   0.25
    caes   1  7   0.5000  3   1.0000  1   2.0000 10   6.0000  0
        -2997.652   0.12360   6.0500
         0.3582   -0.000010213    -880.5   -3.3522
         0.0000231  1192.00     5.19   -0.00435    0
    rhod   1  6   1.0000  1   1.0000 10   3.0000  0
        -1322.262   0.10050   3.4940
         0.1384    0.000004088   -1936.0   -0.5389
         0.0000281   840.00     4.00   -0.00476    0
    pxmn   1  6   1.0000  1   1.0000 10   3.0000  0
        -1323.048   0.09930   3.4720
         0.1384    0.000004088   -1936.0   -0.5389
         0.0000280   840.00     4.00   -0.00476    0
      wo   1  7   1.0000  1   1.0000 10   3.0000  0
        -1633.727   0.08250   3.9930
         0.1593    0.000000000    -967.3   -1.0754
         0.0000254   795.00     4.10   -0.00516    0
    pswo   1  7   1.0000  1   1.0000 10   3.0000  0
        -1627.925   0.08780   4.0080
         0.1578    0.000000000    -967.3   -1.0754
         0.0000285  1100.00     4.08   -0.00371    0
     wal   1  7   1.0000  1   1.0000 10   3.0000  0
        -1625.563   0.08450   3.7633
         0.1593    0.000000000    -967.3   -1.0754
         0.0000320   860.00     4.00   -0.00465    0
      tr   2  7   2.0000  5   5.0000  1   8.0000 10  24.0000 11   2.0000  0
       -12304.319   0.55300  27.2700
         1.2602    0.000003830  -11455.0   -8.2376
         0.0000261   762.00     4.10   -0.00538    0
    fact   5  7   2.0000  4   5.0000  1   8.0000 10  24.0000 11   2.0000  0
       -10502.981   0.71000  28.4200
         1.2900    0.000029992   -8447.5   -8.9470
         0.0000288   760.00     4.10   -0.00539    0
      ts   2  7   2.0000  5   3.0000  3   4.0000  1   6.0000 10  24.0000 11   2.0000  0
       -12553.963   0.53300  26.7390
         1.2448    0.000024348  -11965.0   -8.1121
         0.0000266   760.00     4.10   -0.00539    0
    parg   4  8   1.0000  7   2.0000  5   4.0000  3   3.0000  1   6.0000 10  24.0000 11   2.0000  0
       -12664.654   0.63500  27.1900
         1.2802    0.000022997  -12359.5   -8.0658
         0.0000280   912.00     4.09   -0.00448    0
      gl   2  8   2.0000  5   3.0000  3   2.0000  1   8.0000 10  24.0000 11   2.0000  0
       -11955.966   0.53000  25.9800
         1.7175   -0.000121070    7075.0  -19.2720
         0.0000158   883.00     4.09   -0.00463    0
     fgl   3  8   2.0000  3   2.0000  4   3.0000  1   8.0000 10  24.0000 11   2.0000  0
       -10879.241   0.62400  26.5900
         1.7629   -0.000118992    9423.7  -20.2071
         0.0000183   890.00     4.09   -0.00460    0
     nyb   5  8   3.0000  5   3.0000  3   3.0000  1   7.0000 10  24.0000 11   2.0000  0
       -12165.500   0.62200  26.3140
         1.7452   -0.000112162    6425.5  -19.1630
         0.0000220   910.00     4.09   -0.00449    0
    rieb   2  8   2.0000  4   5.0000  1   8.0000 10  24.0000 11   2.0000  0
       -10023.484   0.69500  27.4900
         1.7873   -0.000124882    9627.1  -20.2755
         0.0000181   890.00     4.09   -0.00460    0
    anth   2  5   7.0000  1   8.0000 10  24.0000 11   2.0000  0
       -12065.947   0.53700  26.5400
         1.2773    0.000025825   -9704.6   -9.0747
         0.0000252   700.00     4.11   -0.00587    0
   fanth   7  4   7.0000  1   8.0000 10  24.0000 11   2.0000  0
        -9623.097   0.72500  27.8700
         1.3831    0.000030669   -4224.7  -11.2576
         0.0000274   700.00     4.11   -0.00587    0
    cumm   2  5   7.0000  1   8.0000 10  24.0000 11   2.0000  0
       -12063.805   0.53800  26.3300
         1.2773    0.000025825   -9704.6   -9.0747
         0.0000252   700.00     4.11   -0.00587    0
    grun   7  4   7.0000  1   8.0000 10  24.0000 11   2.0000  0
        -9605.654   0.73500  27.8400
         1.3831    0.000030669   -4224.7  -11.2576
         0.0000274   648.00     4.12   -0.00636    0
     ged   5  5   5.0000  3   4.0000  1   6.0000 10  24.0000 11   2.0000  0
       -12306.628   0.53500  25.9560
         1.3077    0.000023642   -9307.4   -9.7990
         0.0000241   700.00     4.11   -0.00587    0
    spr4   4  5   4.0000  3   8.0000  1   2.0000 10  20.0000  0
       -11020.915   0.42550  19.9000
         1.1331   -0.000007596   -8816.6   -8.1806
         0.0000205  2500.00     4.04   -0.00162    0
    spr5   4  5   3.0000  3  10.0000  1   1.0000 10  20.0000  0
       -11135.413   0.41950  19.7500
         1.1034    0.000001015  -10957.0   -7.4092
         0.0000206  2500.00     4.04   -0.00162    0
    fspr   4  4   4.0000  3   8.0000  1   2.0000 10  20.0000  0
        -9658.228   0.48500  19.9230
         1.1329   -0.000007348  -10420.2   -7.0366
         0.0000196  2500.00     4.04   -0.00162    0
    mcar   1  5   1.0000  3   2.0000  1   2.0000 10  10.0000 11   4.0000  0
        -4771.039   0.22150  10.5900
         0.6830   -0.000014054     291.0   -6.9764
         0.0000243   525.00     4.14   -0.00789    0
    fcar   1  4   1.0000  3   2.0000  1   2.0000 10  10.0000 11   4.0000  0
        -4411.641   0.25110  10.6950
         0.6866   -0.000012415     186.0   -6.8840
         0.0000221   525.00     4.14   -0.00789    0
    deer  12  4  18.0000  1  12.0000 10  50.0000 11  10.0000  0
       -18338.188   1.65000  55.7400
         3.1644   -0.000027883   -5039.1  -26.7210
         0.0000275   630.00     4.12   -0.00654    0
      mu   2  9   1.0000  3   3.0000  1   3.0000 10  12.0000 11   2.0000  0
        -5976.612   0.29200  14.0830
         0.7564   -0.000019840   -2170.0   -6.9792
         0.0000307   490.00     4.15   -0.00847    0
     cel   1  9   1.0000  5   1.0000  3   1.0000  1   4.0000 10  12.0000 11   2.0000  0
        -5834.984   0.29000  13.9570
         0.7412   -0.000018748   -2368.8   -6.6169
         0.0000307   700.00     4.11   -0.00587    0
    fcel   1  9   1.0000  4   1.0000  3   1.0000  1   4.0000 10  12.0000 11   2.0000  0
        -5468.723   0.33000  14.0700
         0.7563   -0.000019147   -1586.1   -6.9287
         0.0000318   700.00     4.11   -0.00587    0
      pa   1  8   1.0000  3   3.0000  1   3.0000 10  12.0000 11   2.0000  0
        -5942.765   0.27700  13.2110
         0.8030   -0.000031580     217.0   -8.1510
         0.0000370   515.00     6.51   -0.01264    0
      ma   1  7   1.0000  3   4.0000  1   2.0000 10  12.0000 11   2.0000  0
        -6242.094   0.26500  12.9640
         0.7444   -0.000016800   -2074.4   -6.7832
         0.0000233  1000.00     4.08   -0.00408    0
     phl   2  9   1.0000  5   3.0000  3   1.0000  1   3.0000 10  12.0000 11   2.0000  0
        -6214.667   0.32600  14.9640
         0.7703   -0.000036939   -2328.9   -6.5316
         0.0000380   513.00     7.33   -0.01429    0
     ann   3  9   1.0000  4   3.0000  3   1.0000  1   3.0000 10  12.0000 11   2.0000  0
        -5140.928   0.42000  15.4320
         0.8157   -0.000034861      19.8   -7.4667
         0.0000380   513.00     7.33   -0.01429    0
     fbi   3  9   1.0000  4   1.0000  5   2.0000  3   2.0000  1   2.0000 10  12.0000 11   2.0000  0
        -5896.080   0.34870  15.0725
         0.7918   -0.000038031   -1718.3   -6.8869
         0.0000380   513.00     7.33   -0.01429    0
     obi   2  9   1.0000  5   2.0000  4   1.0000  3   1.0000  1   3.0000 10  12.0000 11   2.0000  0
        -5862.620   0.35733  15.1200
         0.7854   -0.000036246   -1546.0   -6.8433
         0.0000380   513.00     7.33   -0.01429    0
    mnbi   2  9   1.0000  6   3.0000  3   1.0000  1   3.0000 10  12.0000 11   2.0000  0
        -5475.482   0.43300  15.2640
         0.8099   -0.000059213   -1514.4   -6.9987
         0.0000380   530.00     7.33   -0.01383    0
    east   2  9   1.0000  5   2.0000  3   3.0000  1   2.0000 10  12.0000 11   2.0000  0
        -6330.170   0.31800  14.7380
         0.7855   -0.000038031   -2130.3   -6.8937
         0.0000380   530.00     7.33   -0.01383    0
    naph   1  8   1.0000  5   3.0000  3   1.0000  1   3.0000 10  12.0000 11   2.0000  0
        -6164.524   0.31800  14.4500
         0.7735   -0.000040229   -2597.9   -6.5126
         0.0000328   513.00     7.33   -0.01429    0
     tan   2  5   3.0000  1   4.0000 10  12.0000 11   2.0000  0
        -5899.883   0.25900  13.6650
         0.6222    0.000000000   -6385.5   -3.9163
         0.0000180   430.00     6.17   -0.01435    0
    clin   2  5   5.0000  3   2.0000  1   3.0000 10  18.0000 11   8.0000  0
        -8909.068   0.43700  21.1400
         1.1708   -0.000001508   -3825.8  -10.3150
         0.0000204   870.00     4.09   -0.00470    0
    ames   2  5   4.0000  3   4.0000  1   2.0000 10  18.0000 11   8.0000  0
        -9040.381   0.41200  20.7100
         1.1860   -0.000002599   -3627.2  -10.6770
         0.0000200   870.00     4.09   -0.00470    0
   afchl   2  5   6.0000  1   4.0000 10  18.0000 11   8.0000  0
        -8727.754   0.43900  21.5700
         1.1550   -0.000000417   -4024.4   -9.9529
         0.0000204   870.00     4.09   -0.00470    0
    daph   3  4   5.0000  3   2.0000  1   3.0000 10  18.0000 11   8.0000  0
        -7117.850   0.58400  21.6200
         1.1920   -0.000005940   -4826.4   -9.7683
         0.0000227   870.00     4.09   -0.00470    0
   mnchl   2  6   5.0000  3   2.0000  1   3.0000 10  18.0000 11   8.0000  0
        -7699.154   0.59500  22.5900
         1.1365   -0.000005243   -5548.1   -8.9115
         0.0000223   870.00     4.09   -0.00470    0
     sud   2  5   2.0000  3   4.0000  1   3.0000 10  18.0000 11   8.0000  0
        -8626.590   0.39500  20.3000
         1.4361   -0.000048749   -2748.5  -13.7640
         0.0000199   870.00     4.09   -0.00470    0
    fsud   2  4   2.0000  3   4.0000  1   3.0000 10  18.0000 11   8.0000  0
        -7900.313   0.45600  20.4000
         1.4663   -0.000047365   -1182.8  -14.3880
         0.0000208   870.00     4.09   -0.00470    0
     prl   2  3   2.0000  1   4.0000 10  12.0000 11   2.0000  0
        -5640.672   0.23900  12.8040
         0.7845   -0.000042948    1251.0   -8.4959
         0.0000450   370.00    10.00   -0.02703    0
      ta   2  5   3.0000  1   4.0000 10  12.0000 11   2.0000  0
        -5896.765   0.25900  13.6650
         0.6222    0.000000000   -6385.5   -3.9163
         0.0000180   430.00     6.17   -0.01435    0
     fta   2  4   3.0000  1   4.0000 10  12.0000 11   2.0000  0
        -4798.720   0.35200  14.2250
         0.5797    0.000039494   -6459.3   -3.0881
         0.0000180   430.00     6.17   -0.01435    0
    tats   2  5   2.0000  3   2.0000  1   3.0000 10  12.0000 11   2.0000  0
        -6000.904   0.25900  13.5100
         0.5495    0.000036324   -8606.6   -2.5153
         0.0000180   430.00     6.17   -0.01435    0
     tap   2  3   2.0000  1   4.0000 10  12.0000 11   2.0000  0
        -5649.548   0.23500  13.4500
         0.7845   -0.000042948    1251.0   -8.4959
         0.0000450   370.00    10.00   -0.02703    0
     nta   1  8   1.0000  5   3.0000  3   1.0000  1   3.0000 10  12.0000 11   2.0000  0
        -6163.569   0.31800  14.4500
         0.7735   -0.000040229   -2597.9   -6.5126
         0.0000328   513.00     7.33   -0.01429    0
    minn   2  4   3.0000  1   4.0000 10  12.0000 11   2.0000  0
        -4818.562   0.35500  14.8510
         0.5797    0.000039494   -6459.3   -3.0881
         0.0000180   430.00     6.17   -0.01435    0
    minm   2  5   3.0000  1   4.0000 10  12.0000 11   2.0000  0
        -5865.689   0.26390  14.2910
         0.6222    0.000000000   -6385.5   -3.9163
         0.0000180   430.00     6.17   -0.01435    0
     kao   2  3   2.0000  1   2.0000 10   9.0000 11   4.0000  0
        -4122.165   0.20370   9.9340
         0.4367   -0.000034295   -4055.9   -2.6991
         0.0000251   645.00     4.12   -0.00639    0
     pre   1  7   2.0000  3   2.0000  1   3.0000 10  12.0000 11   2.0000  0
        -6202.100   0.29280  14.0260
         0.7249   -0.000013865   -2059.0   -6.3239
         0.0000158  1093.00     4.01   -0.00367    0
    fpre   1  7   2.0000  3   1.0000  4   1.0000  1   3.0000 10  12.0000 11   2.0000  0
        -5766.431   0.32000  14.8000
         0.7371   -0.000016810   -1957.3   -6.3581
         0.0000158  1093.00     4.01   -0.00367    0
     chr   3  5   3.0000  1   2.0000 10   9.0000 11   4.0000  0
        -4360.747   0.22130  10.7460
         0.6247   -0.000020770   -1721.8   -5.6194
         0.0000220   628.00     4.00   -0.00637    0
     liz   3  5   3.0000  1   2.0000 10   9.0000 11   4.0000  0
        -4368.937   0.21200  10.6450
         0.6147   -0.000020770   -1721.8   -5.6194
         0.0000220   710.00     3.20   -0.00451    0
     glt   3  4   3.0000  1   2.0000 10   9.0000 11   4.0000  0
        -3297.094   0.31000  11.9800
         0.5764    0.000002984   -3757.0   -4.1662
         0.0000228   630.00     4.00   -0.00635    0
    fstp   5  9   0.5000  4   5.0000  1   8.0000  3   2.0000 10  30.5000 11  12.5000  0
       -12550.481   0.93020  37.2390
         1.9443   -0.000012289   -4840.2  -16.6350
         0.0000368   513.00     7.33   -0.01429    0
    mstp   5  9   0.5000  5   5.0000  1   8.0000  3   2.0000 10  30.5000 11  12.5000  0
       -14286.748   0.84740  36.5770
         1.8622   -0.000014018   -8983.1  -14.9230
         0.0000371   513.00     7.33   -0.01429    0
     atg  48  5  48.0000  1  34.0000 10 147.0000 11  62.0000  0
       -71400.524   3.62000 175.4800
         9.6210   -0.000091183  -35941.6  -83.0342
         0.0000280   631.00     5.92   -0.00938    0
      ab   1  8   1.0000  3   1.0000  1   3.0000 10   8.0000  0
        -3935.295   0.20740  10.0670
         0.4520   -0.000013364   -1275.9   -3.9536
         0.0000236   541.00     5.91   -0.01092    2  14.00 0.0420  13.00 0.0420     3   0.90
     abh   1  8   1.0000  3   1.0000  1   3.0000 10   8.0000  0
        -3921.290   0.22430  10.1050
         0.4520   -0.000013364   -1275.9   -3.9536
         0.0000241   541.00     5.91   -0.01092    0
     mic   1  9   1.0000  3   1.0000  1   3.0000 10   8.0000  0
        -3975.395   0.21430  10.8710
         0.4488   -0.000010075   -1007.3   -3.9731
         0.0000166   583.00     4.02   -0.00690    0
     san   1  9   1.0000  3   1.0000  1   3.0000 10   8.0000  0
        -3966.745   0.21430  10.8710
         0.4488   -0.000010075   -1007.3   -3.9731
         0.0000166   583.00     4.02   -0.00690    2   8.65 0.0240   8.50 0.0240     3   0.80
      an   1  7   1.0000  3   2.0000  1   2.0000 10   8.0000  0
        -4232.671   0.20050  10.0790
         0.3705    0.000010010   -4339.1   -1.9606
         0.0000141   860.00     4.09   -0.00476    2  42.01 0.1000  42.00 0.1000     1   2.00
     kcm   1  9   1.0000  3   1.0000  1   3.0000 10   9.0000 11   2.0000  0
        -4232.693   0.28150  11.4380
         0.5365   -0.000010090    -980.4   -4.7350
         0.0000321   425.00     2.00   -0.00471    0
      wa   1  9   2.0000  1   4.0000 10   9.0000  0
        -4271.902   0.25400  10.8440
         0.4991    0.000000000       0.0   -4.3501
         0.0000266   900.00     4.00   -0.00444    0
     hol   1  9   1.0000  3   1.0000  1   3.0000 10   8.0000  0
        -3792.024   0.16620   7.1280
         0.4176   -0.000003617   -4748.1   -2.8199
         0.0000280  1800.00     4.00   -0.00222    0
       q   1  1   1.0000 10   2.0000  0
         -910.628   0.04143   2.2690
         0.0928   -0.000000642    -714.9   -0.7161
         0.0000000   584.00     8.96   -0.01534    1    847   0.00535    0.1267
     trd   1  1   1.0000 10   2.0000  0
         -906.984   0.04420   2.8000
         0.0749    0.000003100   -1174.0   -0.2367
         0.0000000   150.00     4.36   -0.02907    0
    crst   1  1   1.0000 10   2.0000  0
         -904.142   0.05096   2.7450
         0.0727    0.000001304   -4129.0    0.0000
         0.0000000   160.00     4.35   -0.02719    0
     coe   1  1   1.0000 10   2.0000  0
         -906.980   0.03970   2.0640
         0.1078   -0.000003279    -190.3   -1.0416
         0.0000123   979.00     4.19   -0.00428    0
     stv   1  1   1.0000 10   2.0000  0
         -876.758   0.02400   1.4010
         0.0681    0.000006010   -1978.2   -0.0821
         0.0000158  3090.00     4.60   -0.00149    0
      ne   1  8   1.0000  3   1.0000  1   1.0000 10   4.0000  0
        -2094.837   0.12440   5.4190
         0.2727   -0.000012398       0.0   -2.7631
         0.0000463   465.00     4.16   -0.00895    1    467   0.01000    0.0800
      cg   1  8   1.0000  3   1.0000  1   1.0000 10   4.0000  0
        -2092.001   0.11870   5.6030
         0.1161    0.000086021   -1992.7    0.0000
         0.0000450   465.00     4.16   -0.00895    0
     cgh   1  8   1.0000  3   1.0000  1   1.0000 10   4.0000  0
        -2078.285   0.13500   5.6700
         0.2292    0.000011876       0.0   -1.9707
         0.0000467   465.00     4.16   -0.00895    0
    macf   1  5   1.0000  3   2.0000 10   4.0000  0
        -2246.448   0.08000   3.6140
         0.2000    0.000006252   -2996.4   -0.8884
         0.0000193  2120.00     4.00   -0.00189    0
    mscf   2  5   2.0000  1   1.0000 10   4.0000  0
        -2061.465   0.08750   3.6490
         0.2133    0.000002690   -1410.4   -1.4959
         0.0000201  1850.00     4.00   -0.00216    0
    fscf   2  4   2.0000  1   1.0000 10   4.0000  0
        -1402.500   0.14340   3.9140
         0.1811    0.000018526   -2767.2   -0.5271
         0.0000201  1850.00     4.00   -0.00216    0
    nacf   1  8   1.0000  3   1.0000  1   1.0000 10   4.0000  0
        -1965.636   0.11000   3.6310
         0.2727   -0.000012398       0.0   -2.7631
         0.0000210  1850.00     4.60   -0.00249    0
    cacf   1  7   1.0000  3   2.0000 10   4.0000  0
        -2325.600   0.08760   3.9760
         0.1919    0.000009563   -3211.3   -0.6402
         0.0000193  1900.00     4.00   -0.00211    0
   manal   1  5   3.0000  3   6.0000 10  12.0000  0
        -6796.630   0.25000  11.1660
         0.6000    0.000018756   -8989.2   -2.6652
         0.0000193  1840.00     4.00   -0.00217    0
   nanal   2  8   1.0000  5   2.0000  3   5.0000  1   1.0000 10  12.0000  0
        -6610.270   0.28000  11.3220
         0.6727    0.000000106   -5992.8   -4.5399
         0.0000201  1840.00     4.00   -0.00217    0
   msnal   1  5   6.0000  1   3.0000 10  12.0000  0
        -6172.380   0.27250  11.0610
         0.6399    0.000008070   -4231.2   -4.4877
         0.0000210  1850.00     4.00   -0.00216    0
   fsnal   1  4   6.0000  1   3.0000 10  12.0000  0
        -4146.000   0.44020  11.8560
         0.5433    0.000055578   -8301.6   -1.5813
         0.0000210  1850.00     4.00   -0.00216    0
   canal   1  7   1.0000  5   2.0000  3   6.0000 10  12.0000  0
        -6840.000   0.25760  11.1590
         0.5919    0.000022067   -9204.1   -2.4170
         0.0000193  1770.00     4.00   -0.00226    0
     sdl   1  8   8.0000  3   6.0000  1   6.0000 13   2.0000 10  24.0000  0
       -13407.215   0.91000  42.1300
         1.5327    0.000047747   -2972.8  -12.4270
         0.0000463   465.00     4.16   -0.00895    0
     kls   1  9   1.0000  3   1.0000  1   1.0000 10   4.0000  0
        -2123.071   0.13600   6.0520
         0.2420   -0.000004482    -895.8   -1.9358
         0.0000316   514.00     2.00   -0.00389    0
      lc   1  9   1.0000  3   1.0000  1   2.0000 10   6.0000  0
        -3029.356   0.19850   8.8260
         0.3698   -0.000016332     684.7   -3.6831
         0.0000185   450.00     5.70   -0.01267    2  11.61 0.4000  11.60 0.4000     2   0.70
      me   4  7   4.0000  3   6.0000  1   6.0000 10  27.0000 12   1.0000  0
       -13841.735   0.75200  33.9850
         1.3590    0.000036442   -8594.7   -9.5982
         0.0000182   870.00     4.09   -0.00470    0
     wrk   1  7   1.0000  3   2.0000  1   4.0000 10  14.0000 11   4.0000  0
        -6662.258   0.38000  19.0400
         0.8383   -0.000021460   -2272.0   -7.2923
         0.0000149   860.00     4.09   -0.00476    0
     lmt   1  7   1.0000  3   2.0000  1   4.0000 10  16.0000 11   8.0000  0
        -7262.515   0.46500  20.3700
         1.0134   -0.000021413   -2235.8   -8.8067
         0.0000137   860.00     4.09   -0.00476    0
     heu   1  7   1.0000  3   2.0000  1   7.0000 10  24.0000 11  12.0000  0
       -10544.753   0.78300  31.7000
         1.5048   -0.000033224   -2959.3  -13.2972
         0.0000157   274.00     4.00   -0.01460    0
    stlb   1  7   1.0000  3   2.0000  1   7.0000 10  25.0000 11  14.0000  0
       -10896.325   0.71000  32.8700
         1.5884   -0.000032043   -3071.6  -13.9669
         0.0000151   860.00     4.09   -0.00476    0
     anl   1  8   1.0000  3   1.0000  1   2.0000 10   7.0000 11   2.0000  0
        -3307.126   0.23200   9.7400
         0.6435   -0.000016067    9302.3   -9.1796
         0.0000276   400.00     4.18   -0.01045    0
    lime   1  7   1.0000 10   1.0000  0
         -634.562   0.03810   1.6760
         0.0524    0.000003673    -750.7   -0.0510
         0.0000341  1130.00     3.87   -0.00342    0
      ru   1  2   1.0000 10   2.0000  0
         -943.799   0.05030   1.8820
         0.0809    0.000001658   -1243.9   -0.2111
         0.0000224  2220.00     4.24   -0.00191    0
     per   1  5   1.0000 10   1.0000  0
         -601.600   0.02650   1.1250
         0.0605    0.000000362    -535.8   -0.2992
         0.0000311  1616.00     3.95   -0.00244    0
    fper   1  4   1.0000 10   1.0000  0
         -262.064   0.05860   1.2060
         0.0444    0.000008280   -1214.2    0.1852
         0.0000322  1520.00     4.90   -0.00322    0
      wu   1  4   1.0000 10   1.0000  0
         -262.383   0.06300   1.2060
         0.0674    0.000003758     315.7   -0.3817
         0.0000322  1520.00     4.00   -0.00263    0
    mang   1  6   1.0000 10   1.0000  0
         -385.571   0.05970   1.3220
         0.0598    0.000003600     -31.4   -0.2826
         0.0000369  1645.00     4.46   -0.00271    0
     cor   2  3   2.0000 10   3.0000  0
        -1675.305   0.05090   2.5580
         0.1395    0.000005890   -2460.6   -0.5892
         0.0000180  2540.00     4.34   -0.00171    0
    mcor   1  5   1.0000  1   1.0000 10   3.0000  0
        -1468.428   0.05930   2.6350
         0.1478    0.000002015   -2395.0   -0.8018
         0.0000212  2110.00     4.55   -0.00216    0
     hem   2  4   2.0000 10   3.0000  0
         -825.326   0.08740   3.0270
         0.1639    0.000000000   -2257.2   -0.6576
         0.0000279  2230.00     4.04   -0.00181    1    955   0.01560    0.0000
     esk   2 19   2.0000 10   3.0000  0
        -1128.174   0.08300   2.8980
         0.1190    0.000009496   -1442.0   -0.0034
         0.0000159  2450.00     3.60   -0.00147    0
     bix   2  6   2.0000 10   3.0000  0
         -959.000   0.11370   3.1370
         0.1451    0.000023534     721.6   -1.0084
         0.0000291  2230.00     4.04   -0.00181    0
     NiO   1 15   1.0000 10   1.0000  0
         -239.479   0.03800   1.0970
         0.0477    0.000007824    -392.5    0.0000
         0.0000330  2000.00     3.94   -0.00197    1    520   0.00570    0.0000
     pnt   1  6   1.0000  2   1.0000 10   3.0000  0
        -1361.414   0.10650   3.2880
         0.1435    0.000003373   -1940.7   -0.4076
         0.0000240  1700.00     8.30   -0.00488    0
    geik   1  5   1.0000  2   1.0000 10   3.0000  0
        -1568.687   0.07460   3.0860
         0.1361    0.000001656   -2533.0   -0.2839
         0.0000215  1700.00     8.30   -0.00488    2   8.31 0.0000   8.30 0.0000     1   0.50
     ilm   1  4   1.0000  2   1.0000 10   3.0000  0
        -1232.288   0.10750   3.1690
         0.1253    0.000009938   -2458.1   -0.0259
         0.0000240  1700.00     8.30   -0.00488    2   7.05 0.1300   7.05 0.1300     1   0.50
     bdy   1 16   1.0000 10   2.0000  0
        -1100.316   0.05040   2.1150
         0.0896    0.000000354    -853.1   -0.4137
         0.0000200   953.00     3.88   -0.00407    0
    bdyT   1 16   1.0000 10   2.0000  0
        -1096.011   0.05340   2.1150
         0.0896    0.000000354    -853.1   -0.4137
         0.0000200   953.00     3.88   -0.00407    0
    bdyC   1 16   1.0000 10   2.0000  0
        -1085.952   0.05720   2.4950
         0.0896    0.000000354    -853.1   -0.4137
         0.0000200   953.00     3.88   -0.00407    0
     ten   1 18   1.0000 10   1.0000  0
         -156.100   0.04260   1.2220
         0.0310    0.000013740   -1258.0    0.3693
         0.0000357  2000.00     3.94   -0.00197    0
     cup   1 18   2.0000 10   1.0000  0
         -170.600   0.09240   2.3440
         0.1103    0.000000000       0.0   -0.6748
         0.0000333  1310.00     5.70   -0.00435    0
      sp   1  5   1.0000  3   2.0000 10   4.0000  0
        -2300.067   0.08063   3.9780
         0.2005    0.000006252   -2996.4   -0.8884
         0.0000193  1922.00     4.04   -0.00210    2  13.93 0.0000  -3.60 0.0000     2  -0.50
    herc   1  4   1.0000  3   2.0000 10   4.0000  0
        -1949.489   0.11390   4.0750
         0.1849    0.000014170   -3674.8   -0.4040
         0.0000206  1922.00     4.04   -0.00210    2  13.93 0.0000  -3.60 0.0000     2  -0.50
      mt   2  4   3.0000 10   4.0000  0
        -1114.018   0.14690   4.4520
         0.2625   -0.000007205   -1926.2   -1.6557
         0.0000371  1857.00     4.05   -0.00218    1    848   0.03500    0.0000
     mft   2  5   1.0000  4   2.0000 10   4.0000  0
        -1442.172   0.12100   4.4570
         0.2705   -0.000007505    -999.2   -2.0224
         0.0000363  1857.00     4.05   -0.00218    1    665   0.01700    0.0000
     qnd   2  5   2.0000  2   1.0000 10   4.0000  0
        -2157.530   0.11170   4.5290
         0.1617    0.000032860   -2382.2   -0.2786
         0.0000263  1470.00     4.00   -0.00272    0
     usp   2  4   2.0000  2   1.0000 10   4.0000  0
        -1495.688   0.17100   4.6820
         0.1295    0.000048696   -3739.0    0.6902
         0.0000386  1470.00     4.00   -0.00272    2   1.00 0.0000   0.90 0.0000     1   0.50
    picr   1  5   1.0000 19   2.0000 10   4.0000  0
        -1764.083   0.11830   4.3560
         0.1961    0.000005398   -3126.0   -0.6169
         0.0000260  1922.00     4.04   -0.00210    0
      br   1  5   1.0000 10   2.0000 11   2.0000  0
         -925.626   0.06320   2.4630
         0.1584   -0.000004076   -1052.3   -1.1713
         0.0000620   415.00     6.45   -0.01554    0
     dsp   1  3   1.0000 10   2.0000 11   1.0000  0
         -999.807   0.03450   1.7860
         0.1451    0.000008709     584.4   -1.7411
         0.0000357  2280.00     4.04   -0.00177    0
     gth   1  4   1.0000 10   2.0000 11   1.0000  0
         -561.628   0.06030   2.0820
         0.1393    0.000000147    -212.7   -1.0778
         0.0000435  2500.00     4.03   -0.00161    0
      cc   1  7   1.0000 12   1.0000 10   3.0000  0
        -1207.743   0.09250   3.6890
         0.1409    0.000005029    -950.7   -0.8584
         0.0000252   733.00     4.06   -0.00554    1   1240   0.01000    0.0400
    arag   1  7   1.0000 10   3.0000 12   1.0000  0
        -1207.638   0.08980   3.4150
         0.1671    0.000010695     162.0   -1.5649
         0.0000614   614.00     5.87   -0.00956    0
     mag   1  5   1.0000 10   3.0000 12   1.0000  0
        -1110.893   0.06550   2.8030
         0.1864   -0.000003772       0.0   -1.8862
         0.0000338  1028.00     5.41   -0.00526    0
     sid   1  4   1.0000 12   1.0000 10   3.0000  0
         -762.049   0.09330   2.9430
         0.1684    0.000000000       0.0   -1.4836
         0.0000439  1200.00     4.07   -0.00339    0
     rhc   1  6   1.0000 12   1.0000 10   3.0000  0
         -892.290   0.09800   3.1070
         0.1695    0.000000000       0.0   -1.5343
         0.0000244   953.00     3.88   -0.00407    0
     dol   1  7   1.0000  5   1.0000 10   6.0000 12   2.0000  0
        -2326.212   0.15610   6.4290
         0.3589   -0.000004905       0.0   -3.4562
         0.0000328   943.00     3.74   -0.00397    2  11.91 0.0160  11.90 0.0160     1   1.00
     ank   1  7   1.0000  4   1.0000 10   6.0000 12   2.0000  0
        -1971.223   0.18846   6.6060
         0.3410   -0.000001161       0.0   -3.0548
         0.0000346   914.00     3.88   -0.00425    2  11.91 0.0160  11.90 0.0160     1   1.00
     syv   1  9   1.0000 13   1.0000  0
         -436.500   0.08260   3.7520
         0.0462    0.000017970       0.0    0.0000
         0.0001109   170.00     5.00   -0.02941    0
     hlt   1  8   1.0000 13   1.0000  0
         -411.300   0.07210   2.7020
         0.0452    0.000017970       0.0    0.0000
         0.0001147   238.00     5.00   -0.02101    0
     pyr   1  4   1.0000 17   2.0000  0
         -171.640   0.05290   2.3940
         0.0373    0.000026715   -1817.0    0.6493
         0.0000310  1395.00     4.09   -0.00293    0
    trot   1  4   1.0000 17   1.0000  0
          -99.004   0.06550   1.8190
         0.0502    0.000011052    -940.0    0.0000
         0.0000568   658.00     4.17   -0.00634    1    598   0.01200    0.0410
     tro   1  4   1.0000 17   1.0000  0
          -97.776   0.07080   1.8190
         0.0502    0.000011052    -940.0    0.0000
         0.0000573   658.00     4.17   -0.00634    1    598   0.01200    0.0410
     lot   1  4   1.0000 17   1.0000  0
         -102.183   0.06000   1.8180
         0.0502    0.000011052    -940.0    0.0000
         0.0000493   658.00     4.17   -0.00634    1    420   0.01000    0.0000
    trov   1  4   0.8750 17   1.0000  0
          -95.997   0.05750   1.7380
         0.0511    0.000008307    -669.7    0.0000
         0.0000594   658.00     4.17   -0.00634    1    595   0.01000    0.0160
     any   1  7   1.0000 17   1.0000 10   4.0000  0
        -1434.400   0.10690   4.5940
         0.1287    0.000048545   -1223.0   -0.5605
         0.0000418   543.80     4.19   -0.00771    0
    iron   1  4   1.0000  0
           -0.000   0.02709   0.7090
         0.0462    0.000005159     723.1   -0.5562
         0.0000356  1640.00     5.16   -0.00315    1   1042   0.00830    0.0000
      Ni   1 15   1.0000  0
            0.000   0.02987   0.6590
         0.0498    0.000000000     585.9   -0.5339
         0.0000428  1905.00     4.25   -0.00223    1    631   0.00300    0.0000
      Cu   1 18   1.0000  0
            0.000   0.03314   0.7110
         0.0124    0.000009220    -379.9    0.2335
         0.0000358  1625.00     4.24   -0.00261    0
     gph   1 12   1.0000  0
            0.000   0.00576   0.5300
         0.0343    0.000000000    -240.7   -0.4038
         0.0000165   312.00     3.90   -0.01250    0
    diam   1 12   1.0000  0
            1.893   0.00236   0.3420
         0.0400    0.000000000     -28.5   -0.5805
         0.0000040  4465.00     1.61   -0.00036    0
       S   1 17   1.0000  0
            0.000   0.03205   1.5510
         0.0566   -0.000004557     638.0   -0.6818
         0.0000640   145.00     7.00   -0.04828    0
     H2O   1 11   2.0000 10   1.0000  0
         -241.810   0.18880   0.0000
         0.0401    0.000008656     487.5   -0.2512
         0.0000000     0.00     0.00    0.00000    0
     CO2   1 12   1.0000 10   2.0000  0
         -393.513   0.21370   0.0000
         0.0878   -0.000002644     706.4   -0.9989
         0.0000000     0.00     0.00    0.00000    0
      CO   1 12   1.0000 10   1.0000  0
         -110.530   0.19767   0.0000
         0.0457   -0.000000097     662.7   -0.4147
         0.0000000     0.00     0.00    0.00000    0
     CH4   1 12   1.0000 11   4.0000  0
          -74.810   0.18626   0.0000
         0.1501    0.000002063    3427.7   -2.6504
         0.0000000     0.00     0.00    0.00000    0
      O2   1 10   2.0000  0
           -0.000   0.20520   0.0000
         0.0483   -0.000000691     499.2   -0.4207
         0.0000000     0.00     0.00    0.00000    0
      H2   1 11   2.0000  0
            0.000   0.13070   0.0000
         0.0233    0.000004627       0.0    0.0763
         0.0000000     0.00     0.00    0.00000    0
      S2   1 17   2.0000  0
          128.542   0.23100   0.0000
         0.0371    0.000002398    -161.0   -0.0650
         0.0000000     0.00     0.00    0.00000    0
     H2S   1 11   2.0000 17   1.0000  0
          -20.305   0.20577   0.0000
         0.0474    0.000010240     615.9   -0.3978
         0.0000000     0.00     0.00    0.00000    0
    syvL   1  9   1.0000 13   1.0000  0
         -417.410   0.09450   3.8220
         0.0669    0.000000000       0.0    0.0000
         0.0003010    56.00     4.65   -0.08304   -0.02000    0
    hltL   1  8   1.0000 13   1.0000  0
         -392.982   0.08010   2.9380
         0.0720   -0.000003223       0.0    0.0000
         0.0002950    64.00     4.61   -0.07203   -0.01500    0
    perL   1  5   1.0000 10   1.0000  0
         -654.191  -0.06430   0.8390
         0.0990    0.000000000       0.0    0.0000
         0.0002260   362.00    10.06   -0.02779   -0.04100    0
    limL   1  7   1.0000 10   1.0000  0
         -692.317  -0.04750   1.3030
         0.0990    0.000000000       0.0    0.0000
         0.0001750   362.00    10.06   -0.02779   -0.04100    0
    corL   1  3   2.0000 10   3.0000  0
        -1631.550   0.01490   3.3690
         0.1576    0.000000000       0.0    0.0000
         0.0000703   150.00     6.00   -0.04000   -0.03500    0
    eskL   1 19   2.0000 10   3.0000  0
        -1062.179   0.06330   3.7090
         0.1576    0.000000000       0.0    0.0000
         0.0000703   150.00     6.00   -0.04000   -0.03500    0
    hemL   2  4   2.0000 10   3.0000  0
         -875.029  -0.03320   3.2208
         0.2290    0.000000000       0.0    0.0000
         0.0001953   230.00     4.00   -0.01739   -0.04600    0
      qL   1  1   1.0000 10   2.0000  0
         -920.959   0.01640   2.7300
         0.0825    0.000000000       0.0    0.0000
         0.0000000   220.00     9.46   -0.04300   -0.03500    0
    h2oL   1 11   2.0000 10   1.0000  0
         -281.649   0.06660   1.3355
         0.0650    0.000000000       0.0    0.0000
         0.0006260    42.28     4.00   -0.09461   -0.01060    0
     foL   2  5   2.0000  1   1.0000 10   4.0000  0
        -2237.197  -0.06200   4.3120
         0.2694    0.000000000       0.0    0.0000
         0.0000920   362.00    10.06   -0.02779   -0.04400    0
     faL   2  4   2.0000  1   1.0000 10   4.0000  0
        -1462.632   0.09600   4.6770
         0.2437    0.000000000       0.0    0.0000
         0.0001071   290.00    10.42   -0.03593   -0.05500    0
     woL   1  7   1.0000  1   1.0000 10   3.0000  0
        -1642.533   0.02250   3.9850
         0.1674    0.000000000       0.0    0.0000
         0.0000669   325.00     9.38   -0.02886   -0.02000    0
     enL   1  5   2.0000  1   2.0000 10   6.0000  0
        -3096.315  -0.00400   6.9840
         0.3536    0.000000000       0.0    0.0000
         0.0000681   218.00     7.20   -0.03303   -0.02400    0
     diL   1  7   1.0000  5   1.0000  1   2.0000 10   6.0000  0
        -3193.771   0.04210   7.2880
         0.3340    0.000000000       0.0    0.0000
         0.0000851   249.00     8.04   -0.03229   -0.03730    0
    silL   1  3   2.0000  1   1.0000 10   5.0000  0
        -2593.842   0.01000   6.0510
         0.2530    0.000000000       0.0    0.0000
         0.0000408   220.00     6.36   -0.02891   -0.02900    0
     anL   1  7   1.0000  3   2.0000  1   2.0000 10   8.0000  0
        -4277.977   0.02900  10.0140
         0.4300    0.000000000       0.0    0.0000
         0.0000514   210.00     6.38   -0.03038   -0.05500    0
    kspL   1  9   1.0000  3   1.0000  1   3.0000 10   8.0000  0
        -3985.349   0.12920  11.4310
         0.3680    0.000000000       0.0    0.0000
         0.0000493   173.00     6.84   -0.03954   -0.00900    0
     abL   1  8   1.0000  3   1.0000  1   3.0000 10   8.0000  0
        -3925.395   0.14990  10.8580
         0.3580    0.000000000       0.0    0.0000
         0.0000337   176.00    14.35   -0.08153   -0.02600    0
     neL   1  8   1.0000  3   1.0000  1   1.0000 10   4.0000  0
        -2117.007   0.05290   5.2000
         0.2165    0.000000000       0.0    0.0000
         0.0001370   250.00     7.37   -0.02948   -0.00800    0
     lcL   1  9   1.0000  3   1.0000  1   2.0000 10   6.0000  0
        -3068.485   0.10200   8.5900
         0.2870    0.000000000       0.0    0.0000
         0.0000670   175.00     7.00   -0.04000   -0.00000    0
     ruL   1  2   1.0000 10   2.0000  0
         -947.869   0.00100   1.7032
         0.1118    0.000000000       0.0    0.0000
         0.0002901   149.00     8.00   -0.05369   -0.03500    0
    bdyL   1 16   1.0000 10   2.0000  0
        -1031.868   0.04890   1.8300
         0.0900    0.000000000       0.0    0.0000
         0.0002000   149.00     8.00   -0.05369   -0.03000    0
      H+   1 11   1.0000 14  -1.0000  0
            0.000   0.00000   0.0000
         0.0000    0.000000000       0.0    0.0000
         0.0000000     0.00     0.00    0.00000   -1  0.0000
     Cl-   1 13   1.0000 14   1.0000  0
         -167.080   0.05673   1.7790
         0.0000    0.000000000       0.0    0.0000
         0.0000000     0.00     0.00    0.00000   -1 -0.1414
     OH-   1 10   1.0000 11   1.0000 14   1.0000  0
         -230.020  -0.01071  -0.4180
         0.0000    0.000000000       0.0    0.0000
         0.0000000     0.00     0.00    0.00000   -1 -0.1372
     Na+   1  8   1.0000 14  -1.0000  0
         -240.300   0.05840  -0.1110
         0.0000    0.000191300       0.0    0.0000
         0.0000000     0.00     0.00    0.00000   -1  0.0306
      K+   1  9   1.0000 14  -1.0000  0
         -252.170   0.10104   0.9060
         0.0000    0.000072700       0.0    0.0000
         0.0000000     0.00     0.00    0.00000   -1  0.0072
    Ca++   1  7   1.0000 14  -2.0000  0
         -543.300  -0.05650  -1.8060
         0.0000   -0.000069000       0.0    0.0000
         0.0000000     0.00     0.00    0.00000   -1 -0.0463
    Mg++   1  5   1.0000 14  -2.0000  0
         -465.960  -0.13810  -2.1550
         0.0000   -0.000046200       0.0    0.0000
         0.0000000     0.00     0.00    0.00000   -1 -0.0265
    Fe++   1  4   1.0000 14  -2.0000  0
          -90.420  -0.10711  -2.2200
         0.0000    0.000000000       0.0    0.0000
         0.0000000     0.00     0.00    0.00000   -1 -0.0339
   Al+++   1  3   1.0000 14  -3.0000  0
         -527.230  -0.31630  -4.4400
         0.0000    0.000000000       0.0    0.0000
         0.0000000     0.00     0.00    0.00000   -1 -0.1427
   CO3--   1 12   1.0000 10   3.0000 14   2.0000  0
         -675.230  -0.05000  -0.5020
         0.0000    0.000000000       0.0    0.0000
         0.0000000     0.00     0.00    0.00000   -1 -0.2908
   AlOH3   1  3   1.0000 10   3.0000 11   3.0000  0
        -1251.850   0.05360   0.0000
         0.0000    0.000000000       0.0    0.0000
         0.0000000     0.00     0.00    0.00000   -1  0.1015
  AlOH4-   1  3   1.0000 10   4.0000 11   4.0000 14   1.0000  0
        -1495.780   0.12690   0.0000
         0.0000    0.000000000       0.0    0.0000
         0.0000000     0.00     0.00    0.00000   -1  0.0965
     KOH   1  9   1.0000 10   1.0000 11   1.0000  0
         -473.620   0.10962  -0.8000
         0.0000    0.000094500       0.0    0.0000
         0.0000000     0.00     0.00    0.00000   -1 -0.0293
     HCl   1 11   1.0000 13   1.0000  0
         -162.130   0.05673   1.7790
         0.0000    0.000090300       0.0    0.0000
         0.0000000     0.00     0.00    0.00000   -1  0.0540
     KCl   1  9   1.0000 13   1.0000  0
         -400.030   0.18481   4.4090
         0.0000    0.000054300       0.0    0.0000
         0.0000000     0.00     0.00    0.00000   -1 -0.0380
    NaCl   1  8   1.0000 13   1.0000  0
         -399.880   0.12609   2.2260
         0.0000    0.000191300       0.0    0.0000
         0.0000000     0.00     0.00    0.00000   -1 -0.0020
   CaCl2   1  7   1.0000 13   2.0000  0
         -877.060   0.04600   3.2600
         0.0000    0.000136900       0.0    0.0000
         0.0000000     0.00     0.00    0.00000   -1  0.0343
   CaCl+   1  7   1.0000 13   1.0000 14  -1.0000  0
         -701.280   0.02736   0.5740
         0.0000   -0.000069000       0.0    0.0000
         0.0000000     0.00     0.00    0.00000   -1  0.0400
   MgCl2   1  5   1.0000 13   2.0000  0
         -796.080  -0.02243   2.9200
         0.0000    0.000239900       0.0    0.0000
         0.0000000     0.00     0.00    0.00000   -1  0.0186
   MgCl+   1  5   1.0000 13   1.0000 14  -1.0000  0
         -632.480  -0.08137   0.1260
         0.0000   -0.000046200       0.0    0.0000
         0.0000000     0.00     0.00    0.00000   -1  0.1126
   FeCl2   1  4   1.0000 13   2.0000  0
         -375.340   0.10988   2.7000
         0.0000    0.000450300       0.0    0.0000
         0.0000000     0.00     0.00    0.00000   -1  0.0124
    aqSi   1  1   1.0000 10   2.0000  0
         -887.738   0.04635   1.8320
         0.0000    0.000177500       0.0    0.0000
         0.0000000     0.00     0.00    0.00000   -1  0.0283
     HS-   1 11   1.0000 17   1.0000 14   1.0000  0
          -16.110   0.06820   2.0650
         0.0000    0.000000000       0.0    0.0000
         0.0000000     0.00     0.00    0.00000   -1 -0.0920
   HSO3-   1 11   1.0000 17   1.0000 10   3.0000 14   1.0000  0
         -626.220   0.13975   3.3300
         0.0000    0.000000000       0.0    0.0000
         0.0000000     0.00     0.00    0.00000   -1 -0.0058
   SO42-   1 17   1.0000 10   4.0000 14   2.0000  0
         -909.600   0.01883   1.3880
         0.0000    0.000000000       0.0    0.0000
         0.0000000     0.00     0.00    0.00000   -1  0.2680
   HSO4-   1 11   1.0000 17   1.0000 10   4.0000 14   1.0000  0
         -889.100   0.12552   3.5200
         0.0000    0.000000000       0.0    0.0000
         0.0000000     0.00     0.00    0.00000   -1  0.0220